[sie][Equalizer#0]
numBands=10

[sie][Equalizer#0#left]
band0Frequency=32
band0Gain=-3.5
band10Type=0
band11Type=0
band12Type=0
band13Type=0
band14Type=0
band15Type=0
band16Type=0
band17Type=0
band18Type=0
band19Type=0
band1Frequency=62
band1Gain=2
band20Type=0
band21Type=0
band22Type=0
band23Type=0
band24Type=0
band25Type=0
band26Type=0
band27Type=0
band28Type=0
band29Type=0
band2Frequency=125
band2Gain=3.5
band30Type=0
band31Type=0
band3Frequency=250
band3Gain=2
band4Frequency=500
band4Gain=-1
band5Frequency=1000
band5Gain=-3.5
band6Frequency=2000
band6Gain=-1
band7Frequency=4000
band7Gain=2.5
band8Frequency=8000
band8Gain=4
band9Frequency=16000
band9Gain=3.5

[sie][Equalizer#0#right]
band0Frequency=32
band0Gain=-3.5
band10Type=0
band11Type=0
band12Type=0
band13Type=0
band14Type=0
band15Type=0
band16Type=0
band17Type=0
band18Type=0
band19Type=0
band1Frequency=62
band1Gain=2
band20Type=0
band21Type=0
band22Type=0
band23Type=0
band24Type=0
band25Type=0
band26Type=0
band27Type=0
band28Type=0
band29Type=0
band2Frequency=125
band2Gain=3.5
band30Type=0
band31Type=0
band3Frequency=250
band3Gain=2
band4Frequency=500
band4Gain=-1
band5Frequency=1000
band5Gain=-3.5
band6Frequency=2000
band6Gain=-1
band7Frequency=4000
band7Gain=2.5
band8Frequency=8000
band8Gain=4
band9Frequency=16000
band9Gain=3.5

[sie][Equalizer#1]
numBands=3

[sie][Equalizer#1#left]
band0Frequency=109.99999999999999
band0Q=0.6111111111111112
band10Type=0
band11Type=0
band12Type=0
band13Type=0
band14Type=0
band15Type=0
band16Type=0
band17Type=0
band18Type=0
band19Type=0
band1Frequency=1099.9999999999995
band1Gain=-1.5
band1Q=0.611111111111111
band20Type=0
band21Type=0
band22Type=0
band23Type=0
band24Type=0
band25Type=0
band26Type=0
band27Type=0
band28Type=0
band29Type=0
band2Frequency=10999.999999999995
band2Gain=4
band2Q=0.6111111111111112
band30Type=0
band31Type=0
band3Type=0
band4Type=0
band5Type=0
band6Type=0
band7Type=0
band8Type=0
band9Type=0

[sie][Equalizer#1#right]
band0Frequency=109.99999999999999
band0Q=0.6111111111111112
band10Type=0
band11Type=0
band12Type=0
band13Type=0
band14Type=0
band15Type=0
band16Type=0
band17Type=0
band18Type=0
band19Type=0
band1Frequency=1099.9999999999995
band1Gain=-1.5
band1Q=0.611111111111111
band20Type=0
band21Type=0
band22Type=0
band23Type=0
band24Type=0
band25Type=0
band26Type=0
band27Type=0
band28Type=0
band29Type=0
band2Frequency=10999.999999999995
band2Gain=4
band2Q=0.6111111111111112
band30Type=0
band31Type=0
band3Type=0
band4Type=0
band5Type=0
band6Type=0
band7Type=0
band8Type=0
band9Type=0

[sie][Equalizer#2]
numBands=3

[sie][Equalizer#2#left]
band0Frequency=109.99999999999999
band0Q=0.6111111111111112
band10Type=0
band11Type=0
band12Type=0
band13Type=0
band14Type=0
band15Type=0
band16Type=0
band17Type=0
band18Type=0
band19Type=0
band1Frequency=1099.9999999999995
band1Gain=-2
band1Q=0.611111111111111
band20Type=0
band21Type=0
band22Type=0
band23Type=0
band24Type=0
band25Type=0
band26Type=0
band27Type=0
band28Type=0
band29Type=0
band2Frequency=10999.999999999995
band2Gain=3
band2Q=0.6111111111111112
band30Type=0
band31Type=0
band3Type=0
band4Type=0
band5Type=0
band6Type=0
band7Type=0
band8Type=0
band9Type=0

[sie][Equalizer#2#right]
band0Frequency=109.99999999999999
band0Q=0.6111111111111112
band10Type=0
band11Type=0
band12Type=0
band13Type=0
band14Type=0
band15Type=0
band16Type=0
band17Type=0
band18Type=0
band19Type=0
band1Frequency=1099.9999999999995
band1Gain=-2
band1Q=0.611111111111111
band20Type=0
band21Type=0
band22Type=0
band23Type=0
band24Type=0
band25Type=0
band26Type=0
band27Type=0
band28Type=0
band29Type=0
band2Frequency=10999.999999999995
band2Gain=3
band2Q=0.6111111111111112
band30Type=0
band31Type=0
band3Type=0
band4Type=0
band5Type=0
band6Type=0
band7Type=0
band8Type=0
band9Type=0
